kbar24=94.8494;
r_bar24=0.5281;

kbar48=96.947125035923790;
r_bar48=0.543795819370119;


klast=98.682571829725450;
rlast=0.556908321220166;